{"atoms": {"numbers": {"__ndarray__": [[9], "int64", [8, 6, 6, 1, 1, 1, 1, 1, 1]]}, "positions": {"__ndarray__": [[9, 3], "float64", [-1.194928067930562, 0.27413804613869286, 0.008714058393736375, -0.04975698068429801, -0.5319637114342181, 0.01601303403534247, 1.2388406496835358, 0.27222122833076623, -0.000947441202531891, -0.06330266771579277, -1.2048078900485608, 0.8788815403913521, -0.11637411076701196, -1.1540716017442945, -0.8748914823976208, 2.1037069263669976, -0.3934065896136192, -0.027719111680655485, 1.2750065636826469, 0.9224630601883224, -0.8751386227247909, 1.3256299717867324, 0.8960794619149915, 0.8922321107538372, -1.2297222843983524, 0.8138479962508759, 0.7805559144309452]]}, "cell": {"__ndarray__": [[3, 3], "float64", [0.0, 0.0, 0.0, 0.0, 0.0, 0.0, 0.0, 0.0, 0.0]]}, "pbc": {"__ndarray__": [[3], "bool", [false, false, false]]}, "__ase_objtype__": "atoms"}, "hessian": {"__ndarray__": [[9, 3, 9, 3], "float64", [31.880767655628926, -16.98705386896505, 1.8214473183413635, -21.47624603432928, 8.035560367015773, -3.154206453489887, -4.431697131233806, 3.6365341002402634, 0.0870066966171415, -1.1849821264319356, 1.5081565298845505, -0.4183320827684688, -0.5682481536984152, 0.7477928247234146, 0.3228830136733432, -0.912191180633928, -0.5937476356755249, 0.005375200115986226, 0.35515487293044135, 0.06485677678108895, 0.0823008195256573, 0.36094111623383063, 0.054541877233577785, -0.13922041677036576, -4.023138894287939, 3.5331780590266444, 1.3926581531763755, -16.98705386896505, 37.11895184966546, 28.59547088283466, 10.948192393243813, -15.065748280397111, 0.2960502492010033, -0.8780462914568579, 1.2150412570765186, -0.15777188808243603, 3.17092941601682, -1.9125763243327343, 0.047148244915633096, 2.838804563840847, -1.8216354898489224, -0.10996466166857041, -0.3609025667494936, -0.0035137071278478886, 0.016112530778966964, 0.18823861371486755, 0.2486501940630251, -0.15926169179481248, 0.09583545635820195, 0.20417841854016067, 0.19101702675526927, 0.9836505211165747, -19.983372637779674, -28.718444670196494, 1.8214473183413635, 28.59547088283466, 50.40970087519039, 0.27083969146633446, -2.0532075835983594, -10.508661154874531, -0.031425717106425645, -0.07614552073438938, 0.4109543169817507, -2.8026155676139517, 1.7129632102105625, 0.9003077782466311, 3.2546736557904077, -2.2914639862817214, 0.4279492379028832, 0.03764156225352504, -0.011567683375364936, 0.18691853440235728, -0.1262414161861842, -0.17487900172734439, 0.05770070818040892, 0.07384629533908263, 0.20135595448787688, 0.105325975671102, -2.4984301085344383, -25.902677309504504, -41.990610392451046, -21.47624603432928, 10.948192393243813, 0.27083969146633446, 52.94942352957741, 0.6071038295043397, 0.6870741944375025, -18.27565295917665, -8.026526415501635, 0.06225339346701202, -5.781580621195065, -1.0436864913679513, 0.8907138092558995, -5.717285519445898, -1.386962436251394, -1.6543275259922132, -1.562245511068623, -1.3676234134252252, 0.042613865924284386, 0.029862654435715345, 0.22740235172227483, -0.1487026263396592, -0.09693949879692437, 0.19483919372818684, 0.20993062848503652, -0.07035175325617915, -0.15257222457936132, -0.3604569174017925, 8.035560367015773, -15.065748280397111, -2.0532075835983594, 0.6071038295043397, 61.37829168930355, 2.2305170555542406, -6.55955670843524, -14.685806118558222, 0.10425267539894228, -1.016206939990317, -14.97150784193827, 12.162603001928359, -1.9430022313149937, -14.059825229422286, -12.856815729099587, 2.484913596688005, 1.4483599149373947, -0.04054308791926717, -2.0398934807298645, -1.3144629973573254, -0.06929678881037629, -1.896455645244557, -1.2405520303198627, 0.13785723551786988, 2.327313820409048, -1.4890736949642476, 0.3847363514854649, -3.154206453489887, 0.2960502492010033, -10.508661154874531, 0.6870741944375025, 2.2305170555542406, 68.63651509913855, 0.2937104739294522, -0.012116541432558393, -9.930200393464425, 1.255637267238641, 11.695363644056638, -23.245642306057857, -2.499557316921512, -11.890335084751007, -25.33440755671264, 0.06583855118503171, 0.0757156871332608, -0.19445488289687884, 2.805501599389511, 1.7610836393990035, 0.11916732041142636, -2.914372672547189, -1.8356032585206945, 0.18732573735277303, 3.4605637182918922, -2.320572695642361, 0.27008891099882704, -4.431697131233806, -0.8780462914568579, -0.031425717106425645, -18.27565295917665, -6.55955670843524, 0.2937104739294522, 56.38691502655135, -3.907071069328266, 0.1441595560637112, 0.07011739777715827, -0.19674077710277693, -0.1067933738810613, -0.09663619516688132, -0.22577403150499462, 0.04346891649388908, -22.637210699320068, 13.444198110917142, 0.5752829919191861, -5.469451242225629, -0.492080161866401, 0.608923745869268, -5.6336024928155375, -1.1410417485218027, -1.5083499353897705, 0.08713449368960513, -0.043912659551764405, -0.018974142405834296, 3.6365341002402634, 1.2150412570765186, -0.07614552073438938, -8.026526415501635, -14.685806118558222, -0.012116541432558393, -3.907071069328266, 60.522989761054525, -0.5032771030036827, -1.8911739436529629, -0.9794061291388028, -0.16563000814221984, -1.7508690667550222, -0.9630327785948223, 0.23911939636016805, 13.074421651721341, -16.021029833690726, -0.3873863394725602, -0.19950294719249156, -15.22859656895853, 13.344093694339318, -0.9741608233355995, -14.09663949285965, -12.59963526377592, 0.03816464726098453, 0.2360518495710262, 0.1609551339163714, 0.0870066966171415, -0.15777188808243603, 0.4109543169817507, 0.06225339346701202, 0.10425267539894228, -9.930200393464425, 0.1441595560637112, -0.5032771030036827, 62.00300523630535, 2.66156133677179, 1.7584150562699357, 0.18380451014815047, -2.71002913935688, -1.7031148793764292, 0.3341245935061942, 0.5690363385577804, -0.3768820797039675, -5.406053914902306, 0.36213357401845286, 13.189072440564829, -23.78027582709305, -1.3909311866059424, -12.452055072484136, -23.892337195989384, 0.2147913334119965, 0.14130459642483134, 0.07664020602911764, -1.1849821264319356, 3.17092941601682, -2.8026155676139517, -5.781580621195065, -1.016206939990317, 1.255637267238641, 0.07011739777715827, -1.8911739436529629, 2.66156133677179, 6.947925535388835, -0.013424937630103747, -0.6212092490072902, 0.16473831278298365, 0.1344097762536689, -0.2714038771766619, 0.10510557346115834, 0.09933458689988799, -0.01576116632497579, -0.5523104016362331, -0.4022392218191523, -0.046560412486732816, 0.12407451813678838, 0.06064386931988687, -0.08733490469798334, 0.10698474796482613, -0.1422480760965524, -0.07220553543633043, 1.5081565298845505, -1.9125763243327343, 1.7129632102105625, -1.0436864913679513, -14.97150784193827, 11.695363644056638, -0.19674077710277693, -0.9794061291388028, 1.7584150562699357, -0.013424937630103747, 16.42377184776422, -13.760047416538042, 0.06225884430212001, 1.432755561718833, -1.4681943765917889, -0.05884796925771579, 0.07148547081253634, -0.01858401955698962, -0.3608263368673438, -0.11155955835857452, -0.017218319851796823, 0.12527053405426203, 0.033377045227834495, -0.02663922036325618, -0.02212039528425223, 0.013856798149172511, 0.12423481514559927, -0.4183320827684688, 0.047148244915633096, 0.9003077782466311, 0.8907138092558995, 12.162603001928359, -23.245642306057857, -0.1067933738810613, -0.16563000814221984, 0.18380451014815047, -0.6212092490072902, -13.760047416538042, 23.970912671277063, 0.2082588483878712, 1.7268638021780718, -2.203184086619897, 0.07843182100948534, 0.02286271363905631, -0.0009526555933964055, -0.014958292729370205, -0.06229279501414295, 0.17044384905591425, 0.0580077443714602, 0.03933819271291736, 0.11844457043497345, -0.0740799803574779, -0.010760056602361092, 0.10614425550981654, -0.5682481536984152, 2.838804563840847, 3.2546736557904077, -5.717285519445898, -1.9430022313149937, -2.499557316921512, -0.09663619516688132, -1.7508690667550222, -2.71002913935688, 0.16473831278298365, 0.06225884430212001, 0.2082588483878712, 7.031862164440576, 0.622227994829649, 1.6563489186348006, 0.09270318945549694, 0.09637043891842575, 0.006406238586552468, 0.12907838151052392, 0.07067539303003642, 0.06342044942500591, -0.5470725257306638, -0.39316909482279166, 0.0661920416003281, -0.48918016393125174, 0.3966909657104968, -0.045830098721866025, 0.7477928247234146, -1.8216354898489224, -2.2914639862817214, -1.386962436251394, -14.059825229422286, -11.890335084751007, -0.22577403150499462, -0.9630327785948223, -1.7031148793764292, 0.1344097762536689, 1.432755561718833, 1.7268638021780718, 0.622227994829649, 15.593867142035883, 13.998569404901534, -0.020555567022031603, 0.08112804972509097, 0.030489040412934484, 0.10764553673754898, 0.03600622687823497, -0.0017082932889776466, -0.3517792772995488, -0.1041146210092748, 0.02284138463500522, 0.3731493061857132, -0.1950066392324382, 0.10744917284739812, 0.3228830136733432, -0.10996466166857041, 0.4279492379028832, -1.6543275259922132, -12.856815729099587, -25.33440755671264, 0.04346891649388908, 0.23911939636016805, 0.3341245935061942, -0.2714038771766619, -1.4681943765917889, -2.203184086619897, 1.6563489186348006, 13.998569404901534, 26.257028755960643, -0.08505716942731209, -0.023182662115500127, 0.006940781124161464, -0.044748739147494956, -0.02353808634367562, 0.11344826692792145, 0.05640462581098792, 0.10443201278616307, 0.1738777590579424, -0.02358479239423565, 0.1394838907689504, 0.22432150332458978, -0.912191180633928, -0.3609025667494936, 0.03764156225352504, -1.562245511068623, 2.484913596688005, 0.06583855118503171, -22.637210699320068, 13.074421651721341, 0.5690363385577804, 0.10510557346115834, -0.05884796925771579, 0.07843182100948534, 0.09270318945549694, -0.020555567022031603, -0.08505716942731209, 24.25579606164877, -14.585174729850461, -0.5876151357182829, 0.24033729685787303, -0.21232503964965072, -0.07578799096850167, 0.3596588372703061, -0.28167473830063905, 0.061291018995821386, 0.05839813123890391, -0.03974032301027847, -0.0637369431741648, -0.5937476356755249, -0.0035137071278478886, -0.011567683375364936, -1.3676234134252252, 1.4483599149373947, 0.0757156871332608, 13.444198110917142, -16.021029833690726, -0.3768820797039675, 0.09933458689988799, 0.07148547081253634, 0.02286271363905631, 0.09637043891842575, 0.08112804972509097, -0.023182662115500127, -14.585174729850461, 16.715004945960292, 0.4693569070275685, 1.498714943984683, -1.125254902632188, -0.24112850887371912, 1.4560329445205793, -1.1182426309273752, 0.07729317810187862, -0.04776450733464985, -0.04781211008446476, 0.007497063421668299, 0.005375200115986226, 0.016112530778966964, 0.18691853440235728, 0.042613865924284386, -0.04054308791926717, -0.19445488289687884, 0.5752829919191861, -0.3873863394725602, -5.406053914902306, -0.01576116632497579, -0.01858401955698962, -0.0009526555933964055, 0.006406238586552468, 0.030489040412934484, 0.006940781124161464, -0.5876151357182829, 0.4693569070275685, 5.030604083720445, -2.3532461032319865, 1.6054179075859092, 0.3057101069820258, 2.40501444380478, -1.6810039753158934, 0.06618465378379236, -0.07806963892387336, 0.006131019879010045, 0.005114671890120773, 0.35515487293044135, 0.18823861371486755, -0.1262414161861842, 0.029862654435715345, -2.0398934807298645, 2.805501599389511, -5.469451242225629, -0.19950294719249156, 0.36213357401845286, -0.5523104016362331, -0.3608263368673438, -0.014958292729370205, 0.12907838151052392, 0.10764553673754898, -0.044748739147494956, 0.24033729685787303, 1.498714943984683, -2.3532461032319865, 5.361331441772108, 0.7072705084997595, -0.5266140352317608, -0.07259444262929421, 0.11992708932494342, -0.13311834328824257, -0.021369755643982708, -0.021601004173442497, 0.031328808452137036, 0.06485677678108895, 0.2486501940630251, -0.17487900172734439, 0.22740235172227483, -1.3144629973573254, 1.7610836393990035, -0.492080161866401, -15.22859656895853, 13.189072440564829, -0.4022392218191523, -0.11155955835857452, -0.06229279501414295, 0.07067539303003642, 0.03600622687823497, -0.02353808634367562, -0.21232503964965072, -1.125254902632188, 1.6054179075859092, 0.7072705084997595, 16.075029732491537, -14.603996005611549, 0.045473861017088155, 1.4278571580229675, -1.6800494408940336, -0.00889322852940693, -0.007558474948349887, -0.01044346305019725, 0.0823008195256573, -0.15926169179481248, 0.05770070818040892, -0.1487026263396592, -0.06929678881037629, 0.11916732041142636, 0.608923745869268, 13.344093694339318, -23.78027582709305, -0.046560412486732816, -0.017218319851796823, 0.17044384905591425, 0.06342044942500591, -0.0017082932889776466, 0.11344826692792145, -0.07578799096850167, -0.24112850887371912, 0.3057101069820258, -0.5266140352317608, -14.603996005611549, 25.12059767239681, 0.05299749915862084, 1.7161273392263707, -2.0737642478703524, -0.010089724487204396, 0.03248267366528848, -0.0329094104097319, 0.36094111623383063, 0.09583545635820195, 0.07384629533908263, -0.09693949879692437, -1.896455645244557, -2.914372672547189, -5.6336024928155375, -0.9741608233355995, -1.3909311866059424, 0.12407451813678838, 0.12527053405426203, 0.0580077443714602, -0.5470725257306638, -0.3517792772995488, 0.05640462581098792, 0.3596588372703061, 1.4560329445205793, 2.40501444380478, -0.07259444262929421, 0.045473861017088155, 0.05299749915862084, 5.597630665251581, 1.4655579753704293, 1.6265945355915443, -0.09205080101668664, 0.03416536035755323, 0.03239887063186991, 0.054541877233577785, 0.20417841854016067, 0.20135595448787688, 0.19483919372818684, -1.2405520303198627, -1.8356032585206945, -1.1410417485218027, -14.09663949285965, -12.452055072484136, 0.06064386931988687, 0.033377045227834495, 0.03933819271291736, -0.39316909482279166, -0.1041146210092748, 0.10443201278616307, -0.28167473830063905, -1.1182426309273752, -1.6810039753158934, 0.11992708932494342, 1.4278571580229675, 1.7161273392263707, 1.4655579753704293, 14.844414710332003, 13.92788645862651, -0.07949608876065142, 0.04981863086251066, -0.020763150332014663, -0.13922041677036576, 0.19101702675526927, 0.105325975671102, 0.20993062848503652, 0.13785723551786988, 0.18732573735277303, -1.5083499353897705, -12.59963526377592, -23.892337195989384, -0.08733490469798334, -0.02663922036325618, 0.11844457043497345, 0.0661920416003281, 0.02284138463500522, 0.1738777590579424, 0.061291018995821386, 0.07729317810187862, 0.06618465378379236, -0.13311834328824257, -1.6800494408940336, -2.0737642478703524, 1.6265945355915443, 13.92788645862651, 25.34114260362398, -0.09588077503794393, -0.05064168101510025, -0.025989276357111298, -4.023138894287939, 0.9836505211165747, -2.4984301085344383, -0.07035175325617915, 2.327313820409048, 3.4605637182918922, 0.08713449368960513, 0.03816464726098453, 0.2147913334119965, 0.10698474796482613, -0.02212039528425223, -0.0740799803574779, -0.48918016393125174, 0.3731493061857132, -0.02358479239423565, 0.05839813123890391, -0.04776450733464985, -0.07806963892387336, -0.021369755643982708, -0.00889322852940693, -0.010089724487204396, -0.09205080101668664, -0.07949608876065142, -0.09588077503794393, 4.443845078023896, -3.564004516941952, -0.8951040589726874, 3.5331780590266444, -19.983372637779674, -25.902677309504504, -0.15257222457936132, -1.4890736949642476, -2.320572695642361, -0.043912659551764405, 0.2360518495710262, 0.14130459642483134, -0.1422480760965524, 0.013856798149172511, -0.010760056602361092, 0.3966909657104968, -0.1950066392324382, 0.1394838907689504, -0.03974032301027847, -0.04781211008446476, 0.006131019879010045, -0.021601004173442497, -0.007558474948349887, 0.03248267366528848, 0.03416536035755323, 0.04981863086251066, -0.05064168101510025, -3.564004516941952, 21.42320135636211, 27.964874715280256, 1.3926581531763755, -28.718444670196494, -41.990610392451046, -0.3604569174017925, 0.3847363514854649, 0.27008891099882704, -0.018974142405834296, 0.1609551339163714, 0.07664020602911764, -0.07220553543633043, 0.12423481514559927, 0.10614425550981654, -0.045830098721866025, 0.10744917284739812, 0.22432150332458978, -0.0637369431741648, 0.007497063421668299, 0.005114671890120773, 0.031328808452137036, -0.01044346305019725, -0.0329094104097319, 0.03239887063186991, -0.020763150332014663, -0.025989276357111298, -0.8951040589726874, 27.964874715280256, 41.36750310882296]]}, "indices": null, "__ase_objtype__": "vibrationsdata"}