{"atoms": {"numbers": {"__ndarray__": [[9], "int64", [8, 6, 6, 1, 1, 1, 1, 1, 1]]}, "positions": {"__ndarray__": [[9, 3], "float64", [-1.2066060930471394, 0.2759989685233034, 0.0020047806662030782, -0.04878585616019171, -0.5366078585107865, 0.012947830166215191, 1.237027281451023, 0.2697511677293307, -0.005012944374767522, -0.05672991165219752, -1.2149402394590076, 0.8742672028397473, -0.11744610400862932, -1.1538665788209241, -0.8826596503530211, 2.105703556294586, -0.3886533449555753, -0.04909562825325056, 1.258941253111262, 0.9327068419461576, -0.8694473405891503, 1.3277136327585704, 0.8800541214477944, 0.8962269683796055, -1.1936260126650164, 0.8290712585034529, 0.7833164247536586]]}, "cell": {"__ndarray__": [[3, 3], "float64", [0.0, 0.0, 0.0, 0.0, 0.0, 0.0, 0.0, 0.0, 0.0]]}, "pbc": {"__ndarray__": [[3], "bool", [false, false, false]]}, "__ase_objtype__": "atoms"}, "hessian": {"__ndarray__": [[9, 3, 9, 3], "float64", [26.901612254998742, -12.845864054422881, 3.3672732534173226, -17.530748404841404, 6.39414201397455, -2.7041002263527947, -4.197810089077306, 3.009113072171301, 0.12562174543388277, -1.1426483324916654, 1.424163262835706, -0.4302166523899724, -0.5631908959220946, 0.7066475825741672, 0.32046296652420847, -0.7983759290242122, -0.5051082261446054, -0.016907926891957192, 0.3145859470457183, 0.08258661880861837, 0.0618862724182541, 0.3163520585857882, 0.07638672591944802, -0.12035091836509941, -3.296097461225987, 1.6763918034673324, -0.6036365249122617, -12.845864054422881, 32.289939776514665, 24.967823334213747, 9.115074769316763, -12.766950628989573, 0.2986349946036306, -0.5718541823213011, 1.0207805778887773, -0.19037863922241383, 2.811375692039541, -1.7532734863815604, 0.11323832493775604, 2.461040746638299, -1.690092538115564, -0.15014106486589415, -0.3274590740773887, -0.002680443947073649, 0.03970067171041848, 0.16737442622909457, 0.2158475401898723, -0.15360571172873033, 0.0422478642263054, 0.1916863223598928, 0.15745793799424007, -0.8657667145602623, -17.510302968109478, -25.03054715452467, 3.3672732534173226, 24.967823334213747, 42.84175498262256, 0.5795179461344611, -1.9806876919689889, -8.779471053321677, -0.014504652757169419, -0.06232018239503345, 0.3754759425126445, -2.3542876828216697, 1.437567802002247, 0.7337406105604709, 2.739251504674635, -1.9593920961482139, 0.3027421809504732, 0.0594823849276005, 0.012551840690970912, 0.1588877705361268, -0.12517333143696346, -0.12655296998001603, 0.05683824237724638, 0.0053143438271581744, 0.18188000829715517, 0.10094978915487098, -4.239273046349284, -22.419824685744686, -35.77199659391896, -17.530748404841404, 9.115074769316763, 0.5795179461344611, 44.306301652266754, 0.6063235682847902, 0.4706778190240628, -14.76036947652176, -6.573955200259128, 0.023573434467269797, -4.786206026687408, -0.8636962286385612, 0.7730174155759015, -4.765410150476138, -1.2179186573727345, -1.6160225635064291, -1.589188803184792, -1.2142042528674595, 0.03597967588728911, -0.11158325958864136, 0.07420741908460354, -0.04284260281436238, -0.29987249131160054, 0.04464513587363732, 0.15264997504079253, -0.4482359004097455, 0.019050120443570857, -0.45527739192925665, 6.39414201397455, -12.766950628989573, -1.9806876919689889, 0.6063235682847902, 54.120304236602614, 2.2279418553599926, -5.5428802126306636, -12.553488904548281, 0.11122129131588132, -0.7962417507983724, -13.299142937372128, 11.067398912426043, -1.671803530540088, -12.350560372038506, -11.734906937772415, 2.1564906768749985, 1.2292724773238763, -0.03064957998891951, -1.930793277782993, -1.3311501841632571, 0.008676539237373954, -1.734117535369455, -1.241888588930359, 0.06698280725569256, 2.5178621291427934, -1.7563184384480752, 0.2443406414972097, -2.7041002263527947, 0.2986349946036306, -8.779471053321677, 0.4706778190240628, 2.2279418553599926, 61.117770236459, 0.2678394828904349, -0.013596769357277964, -8.39246670146769, 1.0036053817679302, 10.760178687463767, -20.686277844157935, -2.343975730344842, -10.994431224800994, -23.000215130780205, 0.08978470887753934, 0.06872046059948977, -0.21172244470930482, 2.4709015118237243, 1.5745921601539314, 0.014143604242630546, -2.5319927275214487, -1.6712505630389412, 0.08095709157934589, 3.1708909393061537, -2.319462566661496, -0.13194198551684297, -4.197810089077306, -0.5718541823213011, -0.014504652757169419, -14.76036947652176, -5.5428802126306636, 0.2678394828904349, 49.37704207417639, -4.391336837170517, 0.09090635521927472, -0.07606716936402894, -0.3575771435492809, -0.06262125013448874, -0.265417878340933, -0.3280746829008423, 0.022993153631843302, -20.856203833717075, 12.474234550171822, 0.8838803337022175, -4.575793996377627, -0.2012747265680889, 0.21000543560658855, -4.745891806685737, -1.0401996836120366, -1.4881979542947512, 0.11861893713172339, -0.04009103885077431, -0.06239048852102215, 3.009113072171301, 1.0207805778887773, -0.06232018239503345, -6.573955200259128, -12.553488904548281, -0.013596769357277964, -4.391336837170517, 53.88568468641861, -0.4962705873973112, -1.8167726583626589, -0.9735941273690658, -0.12133041139536932, -1.6297910296393776, -0.9267733274744725, 0.1699920326801147, 12.30086801644006, -14.261691955117087, -0.6608146838343127, -0.016447877053802275, -14.06135287425941, 12.530132943459805, -0.9371004839708845, -12.323811687555134, -11.601138443657115, 0.06286261721637308, 0.2743844141663726, 0.18050802860964568, 0.12562174543388277, -0.19037863922241383, 0.3754759425126445, 0.023573434467269797, 0.11122129131588132, -8.39246670146769, 0.09090635521927472, -0.4962705873973112, 55.81356840969792, 2.3324217554378373, 1.573024475956604, 0.04612469603387053, -2.3897792858333227, -1.4978935891666605, 0.18691384984523907, 0.8913558889880047, -0.6263631180657327, -4.56270444575228, 0.09422872770365208, 12.440960094874459, -21.345074598500794, -1.5152154042263524, -11.538120338712538, -22.196881189486554, 0.21016113084206434, 0.15044679479539247, 0.11123847826531016, -1.1426483324916654, 2.811375692039541, -2.3542876828216697, -4.786206026687408, -0.7962417507983724, 1.0036053817679302, -0.07606716936402894, -1.8167726583626589, 2.3324217554378373, 6.087054323336657, 0.12809964922156333, -0.4821758987491448, 0.1488444870026836, 0.0820736983245387, -0.2797334303137918, 0.07836445840975687, 0.09477014963691775, -0.014257365299012057, -0.4825421154823577, -0.37196574570636776, -0.025343701367212597, 0.10596772141659194, 0.06025098277877483, -0.05839858961413791, 0.07616465298980665, -0.12526587053201624, -0.07134460860927752, 1.424163262835706, -1.7532734863815604, 1.437567802002247, -0.8636962286385612, -13.299142937372128, 10.760178687463767, -0.3575771435492809, -0.9735941273690658, 1.573024475956604, 0.12809964922156333, 14.877709462136357, -12.610776099814524, 0.026759910831561727, 1.192146251570273, -1.3109324027077278, -0.053118325340236514, 0.035903488151708685, 0.011003333934316847, -0.3237273451711621, -0.09111173779563847, 0.0026263418765834433, 0.09393655441696358, 0.005735977212835718, -0.008786216734968393, 0.0019210807502549041, -0.003147718961847204, 0.11267154141220304, -0.4302166523899724, 0.11323832493775604, 0.7337406105604709, 0.7730174155759015, 11.067398912426043, -20.686277844157935, -0.06262125013448874, -0.12133041139536932, 0.04612469603387053, -0.4821758987491448, -12.610776099814524, 21.61168423072393, 0.18339193934950193, 1.5689729055736938, -2.062720708928161, 0.07361932155987025, 0.024521633309257482, -0.005413715561363384, 0.008386720825272306, -0.053417849683959, 0.150526363028321, 0.05028871995137645, 0.021426243854873517, 0.08900907226688767, -0.07058944087290475, -0.028357242657718586, 0.1105514020342207, -0.5631908959220946, 2.461040746638299, 2.739251504674635, -4.765410150476138, -1.671803530540088, -2.343975730344842, -0.265417878340933, -1.6297910296393776, -2.3897792858333227, 0.1488444870026836, 0.026759910831561727, 0.18339193934950193, 6.155906810904215, 0.5554584268166495, 1.6582100361493057, 0.06759795115359354, 0.08170881625718585, 0.004273529603028369, 0.11244586669401795, 0.045227912481883695, 0.06218905213472843, -0.4657021450891273, -0.340396874786133, 0.06714431771197032, -0.45451439915778585, 0.4095605774417236, 0.07051549914883937, 0.7066475825741672, -1.690092538115564, -1.9593920961482139, -1.2179186573727345, -12.350560372038506, -10.994431224800994, -0.3280746829008423, -0.9267733274744725, -1.4978935891666605, 0.0820736983245387, 1.192146251570273, 1.5689729055736938, 0.5554584268166495, 13.964109872379328, 12.861891762638328, -0.013561237673751869, 0.05420150947175477, 0.008966379479022785, 0.09490451084386521, 0.0005346999653638444, -0.005973738059450236, -0.2931657247922218, -0.08620899656589717, 0.01684676696696946, 0.3440913944956353, -0.1980440767865073, 0.030465013988781892, 0.32046296652420847, -0.15014106486589415, 0.3027421809504732, -1.6160225635064291, -11.734906937772415, -23.000215130780205, 0.022993153631843302, 0.1699920326801147, 0.18691384984523907, -0.2797334303137918, -1.3109324027077278, -2.062720708928161, 1.6582100361493057, 12.861891762638328, 24.117179303130108, -0.0838249994033641, -0.042127364715815366, 0.000908506293594702, -0.013472251260156371, -0.01722426724851171, 0.07654313758736818, 0.051854892346705414, 0.08965813126729227, 0.14786149502561868, -0.024866502737295845, 0.15373266746148, 0.21449855204613494, -0.7983759290242122, -0.3274590740773887, 0.0594823849276005, -1.589188803184792, 2.1564906768749985, 0.08978470887753934, -20.856203833717075, 12.30086801644006, 0.8913558889880047, 0.07836445840975687, -0.053118325340236514, 0.07361932155987025, 0.06759795115359354, -0.013561237673751869, -0.0838249994033641, 22.668053076075612, -13.619658574130227, -0.8771478431728825, 0.1238121062353929, -0.1647427749091086, -0.033432577701317884, 0.25625487801501534, -0.23634973747752783, 0.003949262547835969, 0.04679183469727061, -0.054941338807041294, -0.06676667437205813, -0.5051082261446054, -0.002680443947073649, 0.012551840690970912, -1.2142042528674595, 1.2292724773238763, 0.06872046059948977, 12.474234550171822, -14.261691955117087, -0.6263631180657327, 0.09477014963691775, 0.035903488151708685, 0.024521633309257482, 0.08170881625718585, 0.05420150947175477, -0.042127364715815366, -13.619658574130227, 15.097079707130684, 0.796199398796766, 1.4146488389742171, -1.0887228706996714, -0.2582373403717919, 1.317866457848571, -1.0360081969043515, 0.05688176991308705, -0.04384541710125059, -0.04119888549500882, 0.017742156309198585, -0.016907926891957192, 0.03970067171041848, 0.1588877705361268, 0.03597967588728911, -0.03064957998891951, -0.21172244470930482, 0.8838803337022175, -0.6608146838343127, -4.56270444575228, -0.014257365299012057, 0.011003333934316847, -0.005413715561363384, 0.004273529603028369, 0.008966379479022785, 0.000908506293594702, -0.8771478431728825, 0.796199398796766, 4.48198818629563, -2.1035149830777824, 1.4286326860755594, 0.21539424664998896, 2.1912001487507244, -1.5430547286889051, -0.07847767131142913, -0.07314909435595392, 0.011876451279826592, 0.010806657503460248, 0.3145859470457183, 0.16737442622909457, -0.12517333143696346, -0.11158325958864136, -1.930793277782993, 2.4709015118237243, -4.575793996377627, -0.016447877053802275, 0.09422872770365208, -0.4825421154823577, -0.3237273451711621, 0.008386720825272306, 0.11244586669401795, 0.09490451084386521, -0.013472251260156371, 0.1238121062353929, 1.4146488389742171, -2.1035149830777824, 4.757116385351001, 0.5673730614432946, -0.18137088001977336, -0.10802565883164285, 0.11475578568651718, -0.12626788749639462, -0.01822946280333748, -0.013654393703269041, 0.013906774942763225, 0.08258661880861837, 0.2158475401898723, -0.12655296998001603, 0.07420741908460354, -1.3311501841632571, 1.5745921601539314, -0.2012747265680889, -14.06135287425941, 12.440960094874459, -0.37196574570636776, -0.09111173779563847, -0.053417849683959, 0.045227912481883695, 0.0005346999653638444, -0.01722426724851171, -0.1647427749091086, -1.0887228706996714, 1.4286326860755594, 0.5673730614432946, 15.143959308053933, -13.780655762056949, 0.037026961559797136, 1.1864265425041336, -1.4918152084033274, -0.011195534994411064, -0.007306624150596517, -0.004670595245212495, 0.0618862724182541, -0.15360571172873033, 0.05683824237724638, -0.04284260281436238, 0.008676539237373954, 0.014143604242630546, 0.21000543560658855, 12.530132943459805, -21.345074598500794, -0.025343701367212597, 0.0026263418765834433, 0.150526363028321, 0.06218905213472843, -0.005973738059450236, 0.07654313758736818, -0.033432577701317884, -0.2582373403717919, 0.21539424664998896, -0.18137088001977336, -13.780655762056949, 22.794300672394783, 0.006757646150799775, 1.6102664096666286, -1.951879691496162, -0.0037774864201809664, 0.03099207687610217, -0.029453550762464746, 0.3163520585857882, 0.0422478642263054, 0.0053143438271581744, -0.29987249131160054, -1.734117535369455, -2.5319927275214487, -4.745891806685737, -0.9371004839708845, -1.5152154042263524, 0.10596772141659194, 0.09393655441696358, 0.05028871995137645, -0.4657021450891273, -0.2931657247922218, 0.051854892346705414, 0.25625487801501534, 1.317866457848571, 2.1912001487507244, -0.10802565883164285, 0.037026961559797136, 0.006757646150799775, 5.00844705727229, 1.337465453865227, 1.731457530508401, -0.08169969306266471, 0.060403223587092714, 0.051231527238511265, 0.07638672591944802, 0.1916863223598928, 0.18188000829715517, 0.04464513587363732, -1.241888588930359, -1.6712505630389412, -1.0401996836120366, -12.323811687555134, -11.538120338712538, 0.06025098277877483, 0.005735977212835718, 0.021426243854873517, -0.340396874786133, -0.08620899656589717, 0.08965813126729227, -0.23634973747752783, -1.0360081969043515, -1.5430547286889051, 0.11475578568651718, 1.1864265425041336, 1.6102664096666286, 1.337465453865227, 13.234787240617424, 12.88953536654448, -0.07845628075404218, 0.04569141290042348, -0.020641934181997505, -0.12035091836509941, 0.15745793799424007, 0.10094978915487098, 0.15264997504079253, 0.06698280725569256, 0.08095709157934589, -1.4881979542947512, -11.601138443657115, -22.196881189486554, -0.05839858961413791, -0.008786216734968393, 0.08900907226688767, 0.06714431771197032, 0.01684676696696946, 0.14786149502561868, 0.003949262547835969, 0.05688176991308705, -0.07847767131142913, -0.12626788749639462, -1.4918152084033274, -1.951879691496162, 1.731457530508401, 12.88953536654448, 23.82144996584688, -0.10766314555860493, -0.05602207509020332, -0.0388317035186664, -3.296097461225987, -0.8657667145602623, -4.239273046349284, -0.4482359004097455, 2.5178621291427934, 3.1708909393061537, 0.11861893713172339, 0.06286261721637308, 0.21016113084206434, 0.07616465298980665, 0.0019210807502549041, -0.07058944087290475, -0.45451439915778585, 0.3440913944956353, -0.024866502737295845, 0.04679183469727061, -0.04384541710125059, -0.07314909435595392, -0.01822946280333748, -0.011195534994411064, -0.0037774864201809664, -0.08169969306266471, -0.07845628075404218, -0.10766314555860493, 4.047139563654473, -1.9275330023582886, 1.13339531435994, 1.6763918034673324, -17.510302968109478, -22.419824685744686, 0.019050120443570857, -1.7563184384480752, -2.319462566661496, -0.04009103885077431, 0.2743844141663726, 0.15044679479539247, -0.12526587053201624, -0.003147718961847204, -0.028357242657718586, 0.4095605774417236, -0.1980440767865073, 0.15373266746148, -0.054941338807041294, -0.04119888549500882, 0.011876451279826592, -0.013654393703269041, -0.007306624150596517, 0.03099207687610217, 0.060403223587092714, 0.04569141290042348, -0.05602207509020332, -1.9275330023582886, 19.192597165881303, 24.484823999869036, -0.6036365249122617, -25.03054715452467, -35.77199659391896, -0.45527739192925665, 0.2443406414972097, -0.13194198551684297, -0.06239048852102215, 0.18050802860964568, 0.11123847826531016, -0.07134460860927752, 0.11267154141220304, 0.1105514020342207, 0.07051549914883937, 0.030465013988781892, 0.21449855204613494, -0.06676667437205813, 0.017742156309198585, 0.010806657503460248, 0.013906774942763225, -0.004670595245212495, -0.029453550762464746, 0.051231527238511265, -0.020641934181997505, -0.0388317035186664, 1.13339531435994, 24.484823999869036, 35.5183420215304]]}, "indices": null, "__ase_objtype__": "vibrationsdata"}