{"atoms": {"numbers": {"__ndarray__": [[3], "int64", [8, 1, 1]]}, "positions": {"__ndarray__": [[3, 3], "float64", [2.536926934620565, -0.32448001356735845, 1.3294123420375025e-14, 3.292977347604435, 0.23973335642544125, -4.3348635172610644e-15, 1.7808957177751412, 0.23974665714222362, -8.959259902515224e-15]]}, "cell": {"__ndarray__": [[3, 3], "float64", [0.0, 0.0, 0.0, 0.0, 0.0, 0.0, 0.0, 0.0, 0.0]]}, "pbc": {"__ndarray__": [[3], "bool", [false, false, false]]}, "__ase_objtype__": "atoms"}, "hessian": {"__ndarray__": [[3, 3, 3, 3], "float64", [79.86275166623392, -0.002067963374658098, -2.891085675088154e-09, -39.931255528009096, -29.806281909095468, -7.892047511283009e-09, -39.931849797252696, 29.80834985664253, 3.23096922083159e-09, -0.002067963374658098, 51.313928542275946, -4.5798101576612204e-07, -23.651014781327326, -25.65623004335625, 5.945225027756757e-07, 23.653087121923274, -25.658350759139857, 5.34572863291387e-07, -2.891085675088154e-09, -4.5798101576612204e-07, 0.004712396227776229, 4.040970192423329e-07, 2.2974012544215643e-07, -0.0023088851969638065, -4.011985512082986e-07, 2.2824294204206002e-07, -0.0018195930428481345, -39.931255528009096, -23.651014781327326, 4.040970192423329e-07, 42.88926108412414, 26.728394949541865, -4.912311806040626e-07, -2.9578325362664533, -3.0777647876295076, -4.7614638350195167e-07, -29.806281909095468, -25.65623004335625, 2.2974012544215643e-07, 26.728394949541865, 23.943150634349756, -2.9490405980530147e-07, 3.07783726899076, 1.7134055532542223, -2.6818193244019035e-07, -7.892047511283009e-09, 5.945225027756757e-07, -0.0023088851969638065, -4.912311806040626e-07, -2.9490405980530147e-07, 0.002572582799111273, 4.99126542699076e-07, -2.996409029955341e-07, -0.000555663300177885, -39.931849797252696, 23.653087121923274, -4.011985512082986e-07, -2.9578325362664533, 3.07783726899076, 4.99126542699076e-07, 42.889862972631576, -26.730539755678436, 4.729278919010271e-07, 29.80834985664253, -25.658350759139857, 2.2824294204206002e-07, -3.0777647876295076, 1.7134055532542223, -2.996409029955341e-07, -26.730539755678436, 23.945271321757154, -2.6636659761054814e-07, 3.23096922083159e-09, 5.34572863291387e-07, -0.0018195930428481345, -4.7614638350195167e-07, -2.6818193244019035e-07, -0.000555663300177885, 4.729278919010271e-07, -2.6636659761054814e-07, 0.002083304052719448]]}, "indices": null, "__ase_objtype__": "vibrationsdata"}